Número de remesas: 92
Listado de remesas:
2197
2198
2199
2200
2202
2203
2204
2205
2206
2207
2208
2209
2211
2212
2326
2185
2186
2267
2268
2269
2270
2271
2272
2274
2275
2276
2277
2278
2279
2280
2282
2283
2285
2288
2289
2290
2291
2292
2293
2294
2295
2296
2298
2299
2300
2301
2302
2303
2304
2305
2306
2307
2308
2309
2310
2311
2312
2313
2314
2315
2317
2318
2319
2320
2321
2322
2324
2325
2148
2149
2150
2151
2152
2153
2154
2155
2156
2157
2158
2159
2187
2188
2189
2190
2191
2192
2194
2196
Número de líneas: 399
Neto total: 16732664
Importe total: 6640804,64
Usuario: 
Fecha: 28/07/2026
Hora: 17:58:08
Ruta: C:\Liquidaciones\salidas\remesas\Impresiones masivas\Exportaciones\Exportación masiva 2026-07-28 17-58-08.csv
Líneas excluidas por FacSoc: 21
Hash SHA-256: c0d408bd4e702fc3ed0e8e0afde0822fec1e76cf452410f40e73d9dc614aca5c
